   7.8886656e-05
   8.8179745e-05
   1.9524420e-04
   5.1121797e-04
   1.6985106e-03
   3.7602015e-03
   8.8304015e-05
   9.0193704e-04
   2.2206006e-05
   3.4258412e-04
   5.3385296e-05
   1.4791059e-03
   2.3548264e-03
   3.6341001e-03
   6.9967061e-04
   4.4562568e-03
   4.8275644e-05
   3.0924128e-03
   8.4619746e-03
   2.0648927e-03
   4.6302019e-03
   1.2025936e-03
   4.0446040e-04
   5.1045326e-04
   7.5672621e-03
   6.1399750e-03
   9.7304977e-05
   9.0462724e-04
   4.5010303e-04
   5.6205330e-03
   4.0525862e-04
   4.8696328e-04
   1.8032250e-03
   6.2023149e-03
   4.5739386e-03
   6.0076077e-03
   9.9066590e-06
   1.1520110e-04
   3.3568654e-03
   1.3422349e-03
   1.3819895e-03
   9.4769050e-04
   1.4359535e-02
   1.7860549e-02
   9.5030471e-04
   2.2493408e-03
   5.7064074e-04
   9.6900688e-04
   4.0204898e-03
   2.5211101e-04
   4.4844536e-05
   6.2075330e-04
   4.6233569e-04
   5.3348421e-05
   1.3071026e-05
   5.0058474e-04
   2.7861349e-04
   1.1280219e-02
   8.8474654e-05
   4.4040686e-04
   1.4804794e-03
   4.7286005e-03
   2.3346492e-03
   1.9076738e-03
   4.1422725e-04
   3.6290978e-04
   9.0670981e-04
   1.8799863e-03
   2.1419610e-04
   1.9826674e-04
   8.1525384e-04
   4.0540382e-03
   3.4915397e-04
   5.0055746e-04
   3.7541629e-03
   1.2225108e-03
   7.4879390e-03
   1.2943438e-03
   9.4721892e-03
   2.2271467e-03
   5.4601402e-03
   4.9585807e-05
   2.9154423e-03
   4.0274367e-04
   3.6919410e-03
   2.0904086e-05
   3.5796514e-04
   5.9765634e-02
   5.9384408e-04
   4.0710522e-05
   1.3553819e-03
   1.3254063e-03
   5.6582590e-03
   1.0658793e-04
   8.2686171e-05
   2.0213655e-03
   3.2063555e-04
   2.1052454e-03
   9.8162012e-04
   2.4367793e-03
   6.0361476e-04
   1.9478751e-02
   8.8396957e-05
   4.5527004e-03
   1.3739165e-04
   8.9093119e-05
   8.0631506e-04
   1.0998789e-02
   7.0041907e-04
   2.4050398e-03
   1.9253435e-04
   1.3819628e-02
   3.1692057e-03
   2.7175119e-03
   1.3200535e-04
   6.6800467e-04
   2.4782678e-04
   8.6368194e-04
   1.1561764e-04
   2.3657818e-04
   3.2523449e-03
   2.1098943e-03
   4.0352681e-02
   3.4166768e-04
   1.0216058e-03
   1.1533496e-02
   1.8758688e-03
   2.0630084e-04
   1.1015564e-04
   1.8507462e-03
   2.4681617e-03
   2.2220956e-04
   6.1275062e-03
   4.9573902e-04
   4.1889781e-04
   3.0866415e-04
   3.7280761e-03
   2.6233727e-03
   2.5194115e-02
   5.7160723e-05
   2.0220228e-03
   1.9031405e-04
   1.0250202e-04
   3.7165269e-02
   3.9929030e-02
   2.1794106e-04
   7.5751541e-03
   2.2184091e-05
   3.3712075e-02
   1.5154626e-03
   6.9936218e-04
   3.1023161e-03
   1.1609036e-03
   1.0344199e-03
   8.2675718e-05
   2.7799744e-04
   1.5022640e-03
   1.0635555e-05
   4.2162496e-02
   1.1638863e-05
   2.2794924e-02
   6.1469286e-04
   3.9334855e-03
   3.7101542e-03
   7.0841403e-02
   4.1346555e-04
   7.7704020e-04
   8.3504970e-03
   1.2308813e-02
   2.5413164e-04
   6.0793946e-03
   5.9585985e-04
   1.1555339e-01
   5.0262988e-04
   1.7385772e-03
   1.2553407e-02
   3.9474323e-03
   8.9874154e-03
   8.5524559e-04
   2.1008668e-02
   4.5344602e-05
   2.7375621e-04
   1.8302051e-04
   4.1933610e-03
   1.9139696e-04
   1.2457793e-03
   2.1838007e-03
   3.6228987e-04
   9.2896971e-04
   5.8100994e-04
   7.2000596e-04
   1.5210889e-04
   2.0013837e-02
   2.7597854e-04
   3.0759591e-03
   1.6286262e-04
   3.5841334e-04
   6.8384783e-04
   6.4033679e-05
   2.2030028e-03
   2.2164753e-05
   1.0534992e-04
   1.0863211e-03
   6.6810472e-04
   1.1482668e-03
   3.0962796e-05
   1.1331591e-03
   2.0057967e-05
   1.9288012e-04
   1.5458758e-04
   1.4548749e-03
   3.0467743e-03
   7.4376633e-04
   1.6557512e-04
   5.8046137e-03
   3.3179314e-02
